d1 = [0.198798020268678	0.192552439311808	0.206575536177233	0.213881687485270	0.232029224605232	0.222484091444733	0.233561159556917	0.231675701154843	0.240513787414565	0.248409144473250	0.257011548432713	0.251590855526750	0.251590855526750	0.238392646712232	0.242281404666510	0.230497289653547	0.236389347160028	0.224487390996936	0.230025925053029	0.221659203393825	0.228022625500825	0.228965354701862	0.226255008248881	0.213763846335140	0.212821117134103	0.204690077775159	0.202451095922696	0.193259486212585	0.191138345510252	0.183125147301438	0.181593212349753	0.200801319820881	0.192670280461937	0.214588734386048	0.205397124675937	0.219773744991751	0.211289182182418	0.229908083902899	0.224369549846807	0.245816639170398	0.233089794956399	0.255597454631157	0.227669102050436	0.245816639170398	0.221305679943436	0.236271506009899	0.220480791892529	0.232264906905491	0.212821117134103	0.220009427292010	0.216120669337733	0.228022625500825	0.217652604289418	0.214470893235918	0.198915861418807	0.202804619373085	0.187838793306623	0.186306858354938	0.172048079189253	0.185364129153901	0.208460994579307	0.195616309215178	0.217534763139288	0.208343153429177	0.221777044543955	0.224133867546547	0.227551260900306	0.237567758661325	0.235446617958991	0.247937779872732	0.251119490926231	0.246288003770917	0.252180061277398	0.242517086966769	0.241574357765732	0.239688899363658	0.240278105114306	0.232500589205751	0.228965354701862	0.230615130803677	0.226137167098751	0.237449917511195	0.230732971953806	0.226608531699269	0.217652604289418	0.206693377327363	0.205750648126326	0.193730850813104	0.195734150365308	0.188074475606882	0.186896064105586	0.200447796370493	0.197973132217770	0.201390525571530	0.200565637520622	0.205750648126326	0.211996229083196	0.218831015790714	0.223191138345510	0.226962055149658	0.223308979495640	0.236507188310158	0.221541362243696	0.225312279047844	0.221305679943436	0.226844213999529	0.217181239688899	0.226490690549140	0.212703275983974	0.209639406080603	0.209992929530992	0.218006127739807	0.215767145887344	0.211760546782937	0.202804619373085	0.206811218477492	0.192081074711289	0.201390525571530	0.181828894650012	0.188074475606882	0.206339853876974	0.200919160971011	0.217299080839029	0.205279283525807	0.221541362243696	0.214588734386048	0.224958755597455	0.227551260900306	0.227551260900306	0.228140466650955	0.235917982559510	0.230497289653547	0.230025925053029	0.230732971953806	0.233325477256658	0.233679000707047	0.235210935658732	0.226962055149658	0.221069997643177	0.225312279047844	0.216356351637992	0.222601932594862	0.226608531699269	0.221069997643177	0.221187838793307	0.212231911383455	0.209521564930474	0.203511666273863	0.205279283525807	0.187367428706104	0.187603111006363	0.198208814518030	0.203393825123733	0.196205514965826	0.203158142823474	0.198444496818289	0.209757247230733	0.207636106528400	0.209521564930474	0.209757247230733	0.214588734386048	0.217770445439548	0.216356351637992	0.216356351637992	0.216827716238511	0.217770445439548	0.217181239688899	0.208460994579307	0.209403723780344	0.205161442375678	0.205279283525807	0.205868489276455	0.211878387933066	0.208578835729437	0.201979731322178	0.199740749469715	0.189842092858826	0.197383926467122	0.191374027810511	0.187131746405845	0.200329955220363	0.207400424228140	0.212114070233325	0.203158142823474	0.209992929530992	0.208932359179826	0.213056799434362	0.210110770681122	0.212231911383455	0.211878387933066	0.221659203393825	0.222484091444733	0.222719773744992	0.222484091444733	0.222837614895121	0.225194437897714	0.226844213999529	0.224133867546547	0.215295781286825	0.220716474192788	0.216474192788122	0.223073297195381	0.221777044543955	0.217181239688899	0.216827716238511	0.208932359179826	0.211524864482677	0.201861890172048	0.207282583078011	0.189842092858826	0.190902663209993	0.193730850813104	0.199976431769974	0.198208814518030	0.194909262314400	0.198915861418807	0.198680179118548	0.195969832665567	0.199387226019326	0.202686778222955	0.208225312279048	0.211878387933066	0.220362950742399	0.205397124675937	0.212231911383455	0.205750648126326	0.206693377327363	0.200329955220363	0.205043601225548	0.199740749469715	0.201861890172048	0.201626207871789	0.201508366721659	0.197973132217770	0.197619608767382	0.193966533113363	0.189252887108178	0.190784822059863	0.190077775159086	0.181593212349753	0.197266085316993	0.209168041480085	0.202215413622437	0.202686778222955	0.208578835729437	0.201390525571530	0.199858590619844	0.201744049021918	0.195734150365308	0.200683478670752	0.210228611831251	0.211171341032288	0.215060098986566	0.217534763139288	0.219655903841621	0.218713174640584	0.220127268442140	0.217181239688899	0.211407023332548	0.211760546782937	0.208932359179826	0.212114070233325	0.209875088380863	0.205514965826066	0.200447796370493	0.203983030874381	0.200919160971011	0.200447796370493	0.199858590619844	0.193495168512845	0.191491868960641	0.186896064105586	0.193141645062456	0.191845392411030	0.196087673815696	0.194437897713882	0.187485269856234	0.191138345510252	0.191727551260900	0.194437897713882	0.197030403016733	0.198326655668159	0.217770445439548	0.215531463587085	0.213174640584492	0.207164741927881	0.201390525571530	0.202686778222955	0.200801319820881	0.191609710110771	0.198915861418807	0.190195616309215	0.193023803912326	0.186189017204808	0.191727551260900	0.189606410558567	0.189252887108178	0.181475371199623	0.181357530049493	0.171341032288475	0.193848691963234	0.204925760075418	0.203275983973604	0.197501767617252	0.207636106528400	0.206811218477492	0.197266085316993	0.202922460523215	0.205632806976196	0.203511666273863	0.205279283525807	0.210110770681122	0.215295781286825	0.226844213999529	0.224251708696677	0.218241810040066	0.222130567994344	0.211878387933066	0.211760546782937	0.203275983973604	0.199269384869196	0.197383926467122	0.197619608767382	0.200447796370493	0.194084374263493	0.201861890172048	0.191374027810511	0.196205514965826	0.186660381805326	0.187956634456752	0.191256186660382	0.195969832665567	0.196323356115956	0.199269384869196	0.193495168512845	0.189488569408437	0.189724251708697	0.196559038416215	0.195969832665567	0.198798020268678	0.204690077775159	0.203629507423992	0.220245109592270	0.221187838793307	0.222719773744992	0.212467593683714	0.212821117134103	0.203629507423992	0.198562337968419	0.192198915861419	0.186424699505067	0.186896064105586	0.192552439311808	0.189488569408437	0.190902663209993	0.183950035352345	0.187485269856234	0.178882865896771	0.183950035352345	0.170751826537827	0.200094272920104	0.205514965826066	0.208343153429177	0.197619608767382	0.205161442375678	0.207046900777752	0.209168041480085	0.211289182182418	0.214942257836436	0.208578835729437	0.212821117134103	0.219538062691492	0.218595333490455	0.235446617958991	0.231440018854584	0.226137167098751	0.227315578600047	0.211171341032288	0.206929059627622	0.203629507423992	0.189135045958049	0.190077775159086	0.196912561866604	0.198208814518030	0.195498468065048	0.194909262314400	0.193848691963234	0.195616309215178	0.191963233561160	0.196205514965826	0.191609710110771	0.189959934008956	0.191256186660382	0.191963233561160	0.187131746405845	0.189606410558567	0.199505067169456	0.199387226019326	0.203983030874381	0.207046900777752	0.206575536177233	0.205397124675937	0.219302380391233	0.214353052085788	0.224723073297195	0.214235210935659	0.213292481734622	0.205750648126326	0.197030403016733	0.200094272920104	0.186306858354938	0.184539241102993	0.190313457459345	0.185246288003771	0.200212114070233	0.191727551260900	0.194320056563752	0.180886165448975	0.189959934008956	0.179943436247938	0.200212114070233	0.197030403016733	0.206339853876974	0.196323356115956	0.201861890172048	0.201626207871789	0.214588734386048	0.215767145887344	0.223544661795899	0.212114070233325	0.213056799434362	0.216474192788122	0.212938958284233	0.224723073297195	0.228611831251473	0.221894885694084	0.222719773744992	0.212938958284233	0.205632806976196	0.205868489276455	0.203983030874381	0.194909262314400	0.193613009662974	0.200094272920104	